data
b4
rez(1) = 9.29048615582743;
rez(2) = 19.981210191082802;
rez(3) = 0.32124601460454594;
rez(4) = 0.8692907642239929;
rez(5) = 3.0537793566212748;
rez(6) = 2.498290446763246;
